0   1   0.5
2   1   0.5
2   0   0.5
3   2   0.5
3   0   0.5
3   1   0.5
4   1   0.5
4   2   0.5
4   0   0.5
5   3   0.5
5   1   0.5
5   2   0.5
6   3   0.5
6   1   0.5
6   0   0.5
7   3   0.5
7   0   0.5
7   2   0.5
8   3   0.5
8   6   0.5
8   2   0.5
9   1   0.5
9   0   0.5
9   2   0.5
10   7   0.5
10   4   0.5
10   0   0.5
11   3   0.5
11   6   0.5
11   10   0.5
12   1   0.5
12   0   0.5
12   2   0.5
13   0   0.5
13   9   0.5
13   2   0.5
14   9   0.5
14   0   0.5
14   3   0.5
15   3   0.5
15   4   0.5
15   1   0.5
16   5   0.5
16   10   0.5
16   3   0.5
17   3   0.5
17   4   0.5
17   1   0.5
18   1   0.5
18   8   0.5
18   3   0.5
19   1   0.5
19   3   0.5
19   14   0.5
20   1   0.5
20   6   0.5
20   5   0.5
21   9   0.5
21   10   0.5
21   13   0.5
22   15   0.5
22   10   0.5
22   8   0.5
23   1   0.5
23   3   0.5
23   4   0.5
24   2   0.5
24   8   0.5
24   1   0.5
25   0   0.5
25   17   0.5
25   10   0.5
26   2   0.5
26   7   0.5
26   1   0.5
27   5   0.5
27   14   0.5
27   4   0.5
28   15   0.5
28   18   0.5
28   3   0.5
29   3   0.5
29   12   0.5
29   26   0.5
30   1   0.5
30   19   0.5
30   2   0.5
31   11   0.5
31   15   0.5
31   23   0.5
32   30   0.5
32   21   0.5
32   1   0.5
33   1   0.5
33   22   0.5
33   3   0.5
34   26   0.5
34   0   0.5
34   3   0.5
35   28   0.5
35   5   0.5
35   30   0.5
36   30   0.5
36   0   0.5
36   34   0.5
37   11   0.5
37   25   0.5
37   15   0.5
38   1   0.5
38   9   0.5
38   3   0.5
39   30   0.5
39   1   0.5
39   19   0.5
40   11   0.5
40   27   0.5
40   32   0.5
41   1   0.5
41   31   0.5
41   34   0.5
42   3   0.5
42   36   0.5
42   22   0.5
43   34   0.5
43   18   0.5
43   38   0.5
44   12   0.5
44   14   0.5
44   0   0.5
45   28   0.5
45   21   0.5
45   9   0.5
46   19   0.5
46   3   0.5
46   41   0.5
47   21   0.5
47   34   0.5
47   38   0.5
48   0   0.5
48   23   0.5
48   8   0.5
49   0   0.5
49   7   0.5
49   36   0.5
50   9   0.5
50   3   0.5
50   28   0.5
51   10   0.5
51   50   0.5
51   0   0.5
52   3   0.5
52   34   0.5
52   50   0.5
53   28   0.5
53   2   0.5
53   1   0.5
54   33   0.5
54   3   0.5
54   16   0.5
55   51   0.5
55   23   0.5
55   3   0.5
56   3   0.5
56   15   0.5
56   27   0.5
57   41   0.5
57   3   0.5
57   53   0.5
58   1   0.5
58   2   0.5
58   3   0.5
59   14   0.5
59   7   0.5
59   9   0.5
60   9   0.5
60   15   0.5
60   13   0.5
61   2   0.5
61   46   0.5
61   15   0.5
62   49   0.5
62   5   0.5
62   15   0.5
63   29   0.5
63   4   0.5
63   58   0.5
64   9   0.5
64   3   0.5
64   10   0.5
65   21   0.5
65   13   0.5
65   8   0.5
66   4   0.5
66   18   0.5
66   58   0.5
67   33   0.5
67   61   0.5
67   21   0.5
68   1   0.5
68   0   0.5
68   58   0.5
69   2   0.5
69   43   0.5
69   1   0.5
70   14   0.5
70   4   0.5
70   64   0.5
71   20   0.5
71   27   0.5
71   59   0.5
72   18   0.5
72   21   0.5
72   42   0.5
73   30   0.5
73   1   0.5
73   27   0.5
74   68   0.5
74   19   0.5
74   29   0.5
75   1   0.5
75   41   0.5
75   3   0.5
76   1   0.5
76   14   0.5
76   34   0.5
77   19   0.5
77   20   0.5
77   3   0.5
78   3   0.5
78   42   0.5
78   43   0.5
79   3   0.5
79   2   0.5
79   14   0.5
