0   1   0.5
2   0   0.5
2   1   0.5
3   0   0.5
3   2   0.5
3   1   0.5
4   0   0.5
4   3   0.5
4   2   0.5
5   3   0.5
5   0   0.5
5   4   0.5
6   3   0.5
6   4   0.5
6   5   0.5
7   3   0.5
7   4   0.5
7   5   0.5
8   2   0.5
8   1   0.5
8   4   0.5
9   5   0.5
9   8   0.5
9   7   0.5
10   0   0.5
10   6   0.5
10   9   0.5
11   4   0.5
11   8   0.5
11   3   0.5
12   7   0.5
12   5   0.5
12   11   0.5
13   9   0.5
13   12   0.5
13   2   0.5
14   1   0.5
14   9   0.5
14   0   0.5
15   2   0.5
15   8   0.5
15   7   0.5
16   8   0.5
16   3   0.5
16   5   0.5
17   4   0.5
17   5   0.5
17   3   0.5
18   2   0.5
18   17   0.5
18   7   0.5
19   17   0.5
19   5   0.5
19   2   0.5
20   0   0.5
20   14   0.5
20   2   0.5
21   8   0.5
21   16   0.5
21   10   0.5
22   1   0.5
22   2   0.5
22   5   0.5
23   7   0.5
23   18   0.5
23   4   0.5
24   4   0.5
24   8   0.5
24   13   0.5
25   4   0.5
25   17   0.5
25   6   0.5
26   1   0.5
26   10   0.5
26   23   0.5
27   5   0.5
27   1   0.5
27   22   0.5
28   2   0.5
28   24   0.5
28   16   0.5
29   7   0.5
29   1   0.5
29   5   0.5
30   9   0.5
30   6   0.5
30   21   0.5
31   14   0.5
31   18   0.5
31   6   0.5
32   5   0.5
32   18   0.5
32   3   0.5
33   8   0.5
33   14   0.5
33   25   0.5
34   9   0.5
34   14   0.5
34   19   0.5
35   2   0.5
35   7   0.5
35   6   0.5
36   6   0.5
36   31   0.5
36   24   0.5
37   20   0.5
37   31   0.5
37   24   0.5
38   11   0.5
38   10   0.5
38   34   0.5
39   34   0.5
39   38   0.5
39   18   0.5
