0   1   0.5
2   0   0.5
2   1   0.5
3   1   0.5
3   0   0.5
4   3   0.5
4   0   0.5
5   4   0.5
5   1   0.5
6   3   0.5
6   2   0.5
7   4   0.5
7   1   0.5
8   1   0.5
8   0   0.5
9   4   0.5
9   7   0.5
10   8   0.5
10   1   0.5
11   6   0.5
11   8   0.5
12   8   0.5
12   1   0.5
13   1   0.5
13   4   0.5
14   0   0.5
14   8   0.5
15   0   0.5
15   8   0.5
16   6   0.5
16   1   0.5
17   5   0.5
17   0   0.5
18   6   0.5
18   13   0.5
19   0   0.5
19   13   0.5
20   5   0.5
20   0   0.5
21   2   0.5
21   17   0.5
22   12   0.5
22   6   0.5
23   0   0.5
23   11   0.5
24   11   0.5
24   17   0.5
25   0   0.5
25   17   0.5
26   7   0.5
26   1   0.5
27   4   0.5
27   21   0.5
28   19   0.5
28   4   0.5
29   5   0.5
29   25   0.5
30   6   0.5
30   1   0.5
31   8   0.5
31   17   0.5
32   11   0.5
32   15   0.5
33   8   0.5
33   18   0.5
34   12   0.5
34   27   0.5
35   20   0.5
35   7   0.5
36   17   0.5
36   9   0.5
37   23   0.5
37   18   0.5
38   4   0.5
38   19   0.5
39   18   0.5
39   25   0.5
40   0   0.5
40   18   0.5
41   21   0.5
41   5   0.5
42   2   0.5
42   8   0.5
43   36   0.5
43   20   0.5
44   1   0.5
44   15   0.5
45   0   0.5
45   44   0.5
46   1   0.5
46   4   0.5
47   1   0.5
47   34   0.5
48   9   0.5
48   32   0.5
49   4   0.5
49   17   0.5
50   4   0.5
50   11   0.5
51   21   0.5
51   1   0.5
52   22   0.5
52   1   0.5
53   19   0.5
53   3   0.5
54   16   0.5
54   47   0.5
55   22   0.5
55   15   0.5
56   11   0.5
56   9   0.5
57   16   0.5
57   54   0.5
58   54   0.5
58   33   0.5
59   0   0.5
59   8   0.5
60   48   0.5
60   17   0.5
61   0   0.5
61   31   0.5
62   8   0.5
62   28   0.5
63   47   0.5
63   54   0.5
64   2   0.5
64   61   0.5
65   16   0.5
65   0   0.5
66   28   0.5
66   60   0.5
67   21   0.5
67   32   0.5
68   1   0.5
68   61   0.5
69   5   0.5
69   62   0.5
70   46   0.5
70   4   0.5
71   25   0.5
71   32   0.5
72   8   0.5
72   22   0.5
73   5   0.5
73   16   0.5
74   61   0.5
74   0   0.5
75   5   0.5
75   60   0.5
76   44   0.5
76   35   0.5
77   8   0.5
77   60   0.5
78   0   0.5
78   4   0.5
79   15   0.5
79   47   0.5
