0   1   0.5
2   1   0.5
2   0   0.5
3   2   0.5
3   1   0.5
4   0   0.5
4   2   0.5
5   0   0.5
5   2   0.5
6   1   0.5
6   3   0.5
7   1   0.5
7   2   0.5
8   5   0.5
8   7   0.5
9   5   0.5
9   0   0.5
10   2   0.5
10   1   0.5
11   2   0.5
11   1   0.5
12   1   0.5
12   7   0.5
13   7   0.5
13   12   0.5
14   3   0.5
14   13   0.5
15   4   0.5
15   2   0.5
16   14   0.5
16   12   0.5
17   2   0.5
17   10   0.5
18   7   0.5
18   12   0.5
19   13   0.5
19   0   0.5
20   11   0.5
20   13   0.5
21   2   0.5
21   18   0.5
22   9   0.5
22   0   0.5
23   19   0.5
23   7   0.5
24   22   0.5
24   15   0.5
25   23   0.5
25   12   0.5
26   0   0.5
26   1   0.5
27   5   0.5
27   0   0.5
28   24   0.5
28   1   0.5
29   1   0.5
29   0   0.5
30   6   0.5
30   0   0.5
31   7   0.5
31   1   0.5
32   22   0.5
32   7   0.5
33   27   0.5
33   2   0.5
34   28   0.5
34   27   0.5
35   19   0.5
35   7   0.5
36   5   0.5
36   0   0.5
37   34   0.5
37   26   0.5
38   5   0.5
38   16   0.5
39   5   0.5
39   2   0.5
40   12   0.5
40   0   0.5
41   26   0.5
41   0   0.5
42   14   0.5
42   5   0.5
43   18   0.5
43   0   0.5
44   1   0.5
44   42   0.5
45   0   0.5
45   40   0.5
46   12   0.5
46   18   0.5
47   0   0.5
47   19   0.5
48   6   0.5
48   8   0.5
49   15   0.5
49   5   0.5
50   2   0.5
50   43   0.5
51   0   0.5
51   43   0.5
52   2   0.5
52   43   0.5
53   7   0.5
53   52   0.5
54   12   0.5
54   35   0.5
55   27   0.5
55   8   0.5
56   2   0.5
56   34   0.5
57   37   0.5
57   28   0.5
58   13   0.5
58   34   0.5
59   24   0.5
59   12   0.5
