0   42   0.5
0   1   0.5
0   59   0.5
1   6   0.5
3   46   0.5
4   53   0.5
4   16   0.5
6   25   0.5
6   2   0.5
7   0   0.5
9   29   0.5
9   8   0.5
10   59   0.5
11   47   0.5
12   56   0.5
12   25   0.5
14   22   0.5
15   50   0.5
16   51   0.5
16   48   0.5
16   9   0.5
17   45   0.5
17   31   0.5
17   24   0.5
18   28   0.5
19   51   0.5
19   6   0.5
19   5   0.5
19   32   0.5
21   56   0.5
22   53   0.5
23   48   0.5
23   53   0.5
23   28   0.5
23   31   0.5
24   2   0.5
25   14   0.5
25   7   0.5
25   32   0.5
26   39   0.5
28   11   0.5
28   19   0.5
29   19   0.5
30   33   0.5
31   18   0.5
32   6   0.5
32   59   0.5
32   52   0.5
34   33   0.5
35   2   0.5
40   10   0.5
40   28   0.5
40   48   0.5
41   50   0.5
41   33   0.5
42   26   0.5
42   29   0.5
43   57   0.5
44   31   0.5
47   20   0.5
49   46   0.5
51   10   0.5
52   38   0.5
52   57   0.5
52   35   0.5
53   3   0.5
54   27   0.5
55   24   0.5
55   14   0.5
55   27   0.5
56   53   0.5
56   24   0.5
57   6   0.5
59   41   0.5
59   15   0.5
