0   2   0.5
0   24   0.5
0   19   0.5
1   29   0.5
2   8   0.5
2   32   0.5
3   6   0.5
5   27   0.5
5   25   0.5
6   27   0.5
11   10   0.5
11   14   0.5
11   25   0.5
12   32   0.5
12   19   0.5
13   6   0.5
14   10   0.5
15   17   0.5
15   10   0.5
16   27   0.5
19   36   0.5
19   23   0.5
19   8   0.5
19   3   0.5
20   22   0.5
21   26   0.5
21   24   0.5
22   32   0.5
23   17   0.5
24   15   0.5
24   21   0.5
24   2   0.5
25   4   0.5
25   20   0.5
27   12   0.5
27   1   0.5
28   30   0.5
28   27   0.5
29   28   0.5
29   15   0.5
29   23   0.5
30   16   0.5
30   0   0.5
31   24   0.5
32   2   0.5
32   5   0.5
35   9   0.5
37   30   0.5
38   20   0.5
38   25   0.5
