0   72   0.5
0   96   0.5
1   7   0.5
1   32   0.5
2   3   0.5
2   28   0.5
3   8   0.5
3   18   0.5
4   87   0.5
4   88   0.5
5   24   0.5
5   36   0.5
6   59   0.5
6   84   0.5
7   59   0.5
7   84   0.5
8   42   0.5
8   4   0.5
9   25   0.5
9   65   0.5
10   80   0.5
10   29   0.5
11   77   0.5
11   40   0.5
12   59   0.5
12   67   0.5
13   12   0.5
13   86   0.5
14   49   0.5
14   24   0.5
15   18   0.5
15   75   0.5
16   65   0.5
16   49   0.5
17   64   0.5
17   81   0.5
18   50   0.5
18   34   0.5
19   77   0.5
19   73   0.5
20   5   0.5
20   65   0.5
21   44   0.5
21   85   0.5
22   55   0.5
22   32   0.5
23   63   0.5
23   78   0.5
24   61   0.5
24   47   0.5
25   36   0.5
25   61   0.5
26   2   0.5
26   27   0.5
27   81   0.5
27   65   0.5
28   13   0.5
28   10   0.5
29   12   0.5
29   41   0.5
30   53   0.5
30   49   0.5
31   42   0.5
31   4   0.5
32   19   0.5
32   7   0.5
33   55   0.5
33   97   0.5
34   35   0.5
34   86   0.5
35   34   0.5
35   85   0.5
36   54   0.5
36   29   0.5
37   81   0.5
37   63   0.5
38   39   0.5
38   48   0.5
39   12   0.5
39   96   0.5
40   49   0.5
40   9   0.5
41   40   0.5
41   46   0.5
42   98   0.5
42   78   0.5
43   44   0.5
43   60   0.5
44   1   0.5
44   34   0.5
45   29   0.5
45   69   0.5
46   32   0.5
46   80   0.5
47   30   0.5
47   86   0.5
48   44   0.5
48   91   0.5
49   63   0.5
49   11   0.5
50   79   0.5
50   28   0.5
51   32   0.5
51   30   0.5
52   87   0.5
52   63   0.5
53   70   0.5
53   25   0.5
54   65   0.5
54   39   0.5
55   17   0.5
55   70   0.5
56   13   0.5
56   33   0.5
57   56   0.5
57   58   0.5
58   54   0.5
58   34   0.5
59   99   0.5
59   84   0.5
60   59   0.5
60   92   0.5
61   62   0.5
61   46   0.5
62   19   0.5
62   57   0.5
63   90   0.5
63   37   0.5
64   33   0.5
64   21   0.5
65   69   0.5
65   24   0.5
66   83   0.5
66   86   0.5
67   44   0.5
67   69   0.5
68   74   0.5
68   55   0.5
69   81   0.5
69   21   0.5
70   52   0.5
70   66   0.5
71   97   0.5
71   60   0.5
72   73   0.5
72   13   0.5
73   34   0.5
73   86   0.5
74   29   0.5
74   3   0.5
75   66   0.5
75   19   0.5
76   82   0.5
76   77   0.5
77   70   0.5
77   24   0.5
78   57   0.5
78   34   0.5
79   67   0.5
79   35   0.5
80   58   0.5
80   5   0.5
81   55   0.5
81   78   0.5
82   69   0.5
82   26   0.5
83   82   0.5
83   94   0.5
84   91   0.5
84   55   0.5
85   60   0.5
85   57   0.5
86   85   0.5
86   7   0.5
87   64   0.5
87   79   0.5
88   9   0.5
88   43   0.5
89   88   0.5
89   59   0.5
90   12   0.5
90   58   0.5
91   90   0.5
91   18   0.5
92   93   0.5
92   10   0.5
93   22   0.5
93   87   0.5
94   36   0.5
94   8   0.5
95   14   0.5
95   61   0.5
96   87   0.5
96   26   0.5
97   98   0.5
97   20   0.5
98   44   0.5
98   75   0.5
99   77   0.5
99   19   0.5
