0   1   0.5
2   1   0.5
2   0   0.5
3   1   0.5
3   2   0.5
3   0   0.5
4   3   0.5
4   0   0.5
4   1   0.5
5   4   0.5
5   1   0.5
5   3   0.5
6   0   0.5
6   5   0.5
6   2   0.5
7   0   0.5
7   3   0.5
7   1   0.5
8   6   0.5
8   5   0.5
8   2   0.5
9   0   0.5
9   3   0.5
9   5   0.5
10   4   0.5
10   8   0.5
10   2   0.5
11   2   0.5
11   4   0.5
11   1   0.5
12   0   0.5
12   6   0.5
12   9   0.5
13   6   0.5
13   5   0.5
13   0   0.5
14   2   0.5
14   5   0.5
14   8   0.5
15   6   0.5
15   13   0.5
15   1   0.5
16   1   0.5
16   5   0.5
16   7   0.5
17   0   0.5
17   8   0.5
17   10   0.5
18   14   0.5
18   12   0.5
18   9   0.5
19   10   0.5
19   5   0.5
19   8   0.5
20   11   0.5
20   1   0.5
20   13   0.5
21   0   0.5
21   4   0.5
21   14   0.5
22   0   0.5
22   1   0.5
22   9   0.5
23   3   0.5
23   11   0.5
23   12   0.5
24   1   0.5
24   13   0.5
24   4   0.5
25   21   0.5
25   7   0.5
25   18   0.5
26   11   0.5
26   21   0.5
26   8   0.5
27   20   0.5
27   10   0.5
27   11   0.5
28   20   0.5
28   0   0.5
28   13   0.5
29   11   0.5
29   10   0.5
29   8   0.5
30   6   0.5
30   9   0.5
30   3   0.5
31   1   0.5
31   13   0.5
31   8   0.5
32   2   0.5
32   0   0.5
32   24   0.5
33   21   0.5
33   5   0.5
33   1   0.5
34   4   0.5
34   17   0.5
34   10   0.5
35   9   0.5
35   17   0.5
35   0   0.5
36   1   0.5
36   19   0.5
36   5   0.5
37   16   0.5
37   1   0.5
37   7   0.5
38   15   0.5
38   0   0.5
38   8   0.5
39   16   0.5
39   2   0.5
39   10   0.5
40   20   0.5
40   12   0.5
40   1   0.5
41   17   0.5
41   14   0.5
41   13   0.5
42   15   0.5
42   11   0.5
42   12   0.5
43   4   0.5
43   14   0.5
43   1   0.5
44   7   0.5
44   29   0.5
44   5   0.5
45   10   0.5
45   32   0.5
45   4   0.5
46   23   0.5
46   13   0.5
46   1   0.5
47   8   0.5
47   45   0.5
47   1   0.5
48   0   0.5
48   17   0.5
48   20   0.5
49   44   0.5
49   10   0.5
49   0   0.5
50   24   0.5
50   11   0.5
50   39   0.5
51   19   0.5
51   5   0.5
51   15   0.5
52   37   0.5
52   36   0.5
52   1   0.5
53   0   0.5
53   11   0.5
53   20   0.5
54   0   0.5
54   1   0.5
54   29   0.5
55   40   0.5
55   33   0.5
55   9   0.5
56   25   0.5
56   0   0.5
56   30   0.5
57   50   0.5
57   16   0.5
57   7   0.5
58   14   0.5
58   37   0.5
58   5   0.5
59   12   0.5
59   14   0.5
59   0   0.5
