0   1   0.5
2   0   0.5
2   1   0.5
3   0   0.5
3   2   0.5
3   1   0.5
4   2   0.5
4   3   0.5
4   0   0.5
5   4   0.5
5   2   0.5
5   3   0.5
6   3   0.5
6   5   0.5
6   0   0.5
7   6   0.5
7   1   0.5
7   0   0.5
8   2   0.5
8   7   0.5
8   1   0.5
9   8   0.5
9   2   0.5
9   6   0.5
10   1   0.5
10   2   0.5
10   4   0.5
11   1   0.5
11   2   0.5
11   4   0.5
12   1   0.5
12   8   0.5
12   4   0.5
13   6   0.5
13   9   0.5
13   2   0.5
14   2   0.5
14   6   0.5
14   0   0.5
15   4   0.5
15   3   0.5
15   11   0.5
16   14   0.5
16   8   0.5
16   6   0.5
17   3   0.5
17   6   0.5
17   4   0.5
18   3   0.5
18   11   0.5
18   9   0.5
19   3   0.5
19   4   0.5
19   9   0.5
20   2   0.5
20   3   0.5
20   4   0.5
21   11   0.5
21   4   0.5
21   5   0.5
22   20   0.5
22   10   0.5
22   15   0.5
23   12   0.5
23   4   0.5
23   14   0.5
24   3   0.5
24   4   0.5
24   18   0.5
25   4   0.5
25   17   0.5
25   3   0.5
26   2   0.5
26   9   0.5
26   11   0.5
27   21   0.5
27   10   0.5
27   19   0.5
28   19   0.5
28   10   0.5
28   0   0.5
29   19   0.5
29   8   0.5
29   12   0.5
30   10   0.5
30   2   0.5
30   5   0.5
31   18   0.5
31   10   0.5
31   11   0.5
32   0   0.5
32   18   0.5
32   17   0.5
33   0   0.5
33   2   0.5
33   14   0.5
34   9   0.5
34   6   0.5
34   19   0.5
35   25   0.5
35   12   0.5
35   2   0.5
36   33   0.5
36   9   0.5
36   19   0.5
37   33   0.5
37   24   0.5
37   16   0.5
38   36   0.5
38   6   0.5
38   28   0.5
39   31   0.5
39   6   0.5
39   17   0.5
40   35   0.5
40   4   0.5
40   18   0.5
41   38   0.5
41   20   0.5
41   24   0.5
42   11   0.5
42   9   0.5
42   31   0.5
43   3   0.5
43   30   0.5
43   37   0.5
44   3   0.5
44   10   0.5
44   34   0.5
45   19   0.5
45   34   0.5
45   15   0.5
46   9   0.5
46   24   0.5
46   2   0.5
47   0   0.5
47   10   0.5
47   19   0.5
48   14   0.5
48   20   0.5
48   15   0.5
49   34   0.5
49   3   0.5
49   22   0.5
50   9   0.5
50   11   0.5
50   32   0.5
51   20   0.5
51   6   0.5
51   19   0.5
52   6   0.5
52   5   0.5
52   2   0.5
53   10   0.5
53   4   0.5
53   30   0.5
54   37   0.5
54   2   0.5
54   45   0.5
55   3   0.5
55   45   0.5
55   16   0.5
56   17   0.5
56   33   0.5
56   1   0.5
57   2   0.5
57   32   0.5
57   8   0.5
58   36   0.5
58   2   0.5
58   10   0.5
59   24   0.5
59   4   0.5
59   45   0.5
60   11   0.5
60   20   0.5
60   7   0.5
61   1   0.5
61   28   0.5
61   45   0.5
62   0   0.5
62   14   0.5
62   3   0.5
63   51   0.5
63   19   0.5
63   30   0.5
64   31   0.5
64   13   0.5
64   23   0.5
65   19   0.5
65   4   0.5
65   3   0.5
66   4   0.5
66   64   0.5
66   10   0.5
67   3   0.5
67   15   0.5
67   8   0.5
68   66   0.5
68   65   0.5
68   25   0.5
69   29   0.5
69   31   0.5
69   3   0.5
70   3   0.5
70   47   0.5
70   5   0.5
71   5   0.5
71   14   0.5
71   9   0.5
72   60   0.5
72   41   0.5
72   18   0.5
73   33   0.5
73   12   0.5
73   4   0.5
74   60   0.5
74   4   0.5
74   51   0.5
75   71   0.5
75   4   0.5
75   2   0.5
76   28   0.5
76   45   0.5
76   65   0.5
77   15   0.5
77   24   0.5
77   65   0.5
78   20   0.5
78   14   0.5
78   19   0.5
79   42   0.5
79   6   0.5
79   58   0.5
80   9   0.5
80   35   0.5
80   2   0.5
81   19   0.5
81   80   0.5
81   1   0.5
82   24   0.5
82   1   0.5
82   20   0.5
83   71   0.5
83   37   0.5
83   18   0.5
84   4   0.5
84   65   0.5
84   62   0.5
85   21   0.5
85   9   0.5
85   13   0.5
86   29   0.5
86   6   0.5
86   48   0.5
87   19   0.5
87   4   0.5
87   54   0.5
88   4   0.5
88   71   0.5
88   78   0.5
89   71   0.5
89   16   0.5
89   11   0.5
90   50   0.5
90   54   0.5
90   43   0.5
91   65   0.5
91   60   0.5
91   72   0.5
92   14   0.5
92   11   0.5
92   18   0.5
93   3   0.5
93   8   0.5
93   4   0.5
94   35   0.5
94   3   0.5
94   64   0.5
95   30   0.5
95   1   0.5
95   90   0.5
96   84   0.5
96   52   0.5
96   2   0.5
97   67   0.5
97   19   0.5
97   92   0.5
98   85   0.5
98   29   0.5
98   6   0.5
99   4   0.5
99   72   0.5
99   2   0.5
