0   1   0.5
2   1   0.5
2   0   0.5
3   2   0.5
3   1   0.5
4   2   0.5
4   3   0.5
5   3   0.5
5   4   0.5
6   0   0.5
6   2   0.5
7   0   0.5
7   3   0.5
8   2   0.5
8   4   0.5
9   4   0.5
9   2   0.5
10   3   0.5
10   4   0.5
11   1   0.5
11   2   0.5
12   2   0.5
12   5   0.5
13   2   0.5
13   12   0.5
14   4   0.5
14   2   0.5
15   3   0.5
15   4   0.5
16   4   0.5
16   1   0.5
17   4   0.5
17   1   0.5
18   17   0.5
18   14   0.5
19   9   0.5
19   4   0.5
20   12   0.5
20   4   0.5
21   12   0.5
21   6   0.5
22   10   0.5
22   17   0.5
23   1   0.5
23   16   0.5
24   12   0.5
24   16   0.5
25   20   0.5
25   3   0.5
26   21   0.5
26   4   0.5
27   1   0.5
27   5   0.5
28   24   0.5
28   6   0.5
29   24   0.5
29   8   0.5
30   12   0.5
30   4   0.5
31   2   0.5
31   21   0.5
32   12   0.5
32   16   0.5
33   26   0.5
33   1   0.5
34   2   0.5
34   24   0.5
35   19   0.5
35   8   0.5
36   34   0.5
36   3   0.5
37   2   0.5
37   26   0.5
38   1   0.5
38   21   0.5
39   9   0.5
39   31   0.5
40   14   0.5
40   24   0.5
41   12   0.5
41   23   0.5
42   17   0.5
42   35   0.5
43   33   0.5
43   3   0.5
44   36   0.5
44   11   0.5
45   8   0.5
45   25   0.5
46   43   0.5
46   21   0.5
47   24   0.5
47   17   0.5
48   9   0.5
48   2   0.5
49   16   0.5
49   9   0.5
50   40   0.5
50   6   0.5
51   0   0.5
51   25   0.5
52   14   0.5
52   32   0.5
53   0   0.5
53   8   0.5
54   6   0.5
54   2   0.5
55   39   0.5
55   19   0.5
56   21   0.5
56   5   0.5
57   48   0.5
57   35   0.5
58   3   0.5
58   8   0.5
59   37   0.5
59   2   0.5
