0   38   0.5
1   58   0.5
1   34   0.5
3   4   0.5
3   12   0.5
3   1   0.5
3   45   0.5
3   14   0.5
3   37   0.5
3   31   0.5
5   75   0.5
6   24   0.5
6   33   0.5
7   70   0.5
7   64   0.5
8   13   0.5
9   34   0.5
9   31   0.5
11   55   0.5
11   7   0.5
11   31   0.5
11   65   0.5
12   28   0.5
12   9   0.5
13   0   0.5
13   41   0.5
14   66   0.5
16   15   0.5
16   49   0.5
16   60   0.5
17   51   0.5
18   13   0.5
18   21   0.5
19   16   0.5
19   34   0.5
19   68   0.5
21   65   0.5
21   13   0.5
22   5   0.5
22   25   0.5
22   23   0.5
24   42   0.5
26   71   0.5
27   6   0.5
27   41   0.5
28   52   0.5
30   20   0.5
31   12   0.5
32   12   0.5
32   11   0.5
35   26   0.5
35   12   0.5
36   18   0.5
36   43   0.5
37   21   0.5
37   7   0.5
38   17   0.5
39   18   0.5
40   46   0.5
41   38   0.5
41   56   0.5
43   31   0.5
43   38   0.5
44   42   0.5
45   47   0.5
45   75   0.5
46   20   0.5
46   71   0.5
49   23   0.5
51   47   0.5
52   60   0.5
53   27   0.5
54   56   0.5
55   7   0.5
56   28   0.5
60   39   0.5
61   46   0.5
61   76   0.5
61   26   0.5
62   11   0.5
63   4   0.5
64   15   0.5
64   5   0.5
65   43   0.5
66   42   0.5
68   62   0.5
68   36   0.5
69   19   0.5
69   28   0.5
70   46   0.5
71   42   0.5
75   65   0.5
75   18   0.5
75   10   0.5
76   8   0.5
76   28   0.5
78   51   0.5
78   1   0.5
78   17   0.5
79   70   0.5
