0   1   0.5
2   0   0.5
2   1   0.5
3   2   0.5
3   0   0.5
4   0   0.5
4   2   0.5
5   2   0.5
5   3   0.5
6   5   0.5
6   0   0.5
7   1   0.5
7   2   0.5
8   5   0.5
8   2   0.5
9   2   0.5
9   6   0.5
10   2   0.5
10   6   0.5
11   0   0.5
11   2   0.5
12   10   0.5
12   3   0.5
13   5   0.5
13   8   0.5
14   11   0.5
14   2   0.5
15   1   0.5
15   2   0.5
16   0   0.5
16   12   0.5
17   7   0.5
17   3   0.5
18   13   0.5
18   3   0.5
19   10   0.5
19   4   0.5
20   2   0.5
20   3   0.5
21   20   0.5
21   2   0.5
22   9   0.5
22   2   0.5
23   7   0.5
23   15   0.5
24   22   0.5
24   2   0.5
25   1   0.5
25   2   0.5
26   17   0.5
26   2   0.5
27   14   0.5
27   12   0.5
28   13   0.5
28   17   0.5
29   2   0.5
29   3   0.5
30   2   0.5
30   11   0.5
31   6   0.5
31   0   0.5
32   24   0.5
32   2   0.5
33   13   0.5
33   17   0.5
34   10   0.5
34   2   0.5
35   23   0.5
35   6   0.5
36   10   0.5
36   14   0.5
37   22   0.5
37   33   0.5
38   2   0.5
38   0   0.5
39   22   0.5
39   5   0.5
40   28   0.5
40   1   0.5
41   11   0.5
41   31   0.5
42   3   0.5
42   2   0.5
43   3   0.5
43   10   0.5
44   39   0.5
44   25   0.5
45   13   0.5
45   2   0.5
46   11   0.5
46   37   0.5
47   2   0.5
47   11   0.5
48   38   0.5
48   6   0.5
49   2   0.5
49   13   0.5
50   33   0.5
50   0   0.5
51   10   0.5
51   17   0.5
52   2   0.5
52   34   0.5
53   11   0.5
53   0   0.5
54   9   0.5
54   2   0.5
55   49   0.5
55   2   0.5
56   6   0.5
56   13   0.5
57   56   0.5
57   20   0.5
58   6   0.5
58   0   0.5
59   24   0.5
59   56   0.5
60   21   0.5
60   2   0.5
61   10   0.5
61   56   0.5
62   2   0.5
62   6   0.5
63   5   0.5
63   59   0.5
64   2   0.5
64   30   0.5
65   15   0.5
65   2   0.5
66   1   0.5
66   33   0.5
67   2   0.5
67   51   0.5
68   56   0.5
68   28   0.5
69   16   0.5
69   54   0.5
70   67   0.5
70   63   0.5
71   2   0.5
71   49   0.5
72   17   0.5
72   2   0.5
73   0   0.5
73   20   0.5
74   27   0.5
74   10   0.5
75   3   0.5
75   73   0.5
76   33   0.5
76   3   0.5
77   37   0.5
77   2   0.5
78   15   0.5
78   20   0.5
79   63   0.5
79   2   0.5
80   68   0.5
80   9   0.5
81   54   0.5
81   2   0.5
82   64   0.5
82   2   0.5
83   6   0.5
83   45   0.5
84   41   0.5
84   11   0.5
85   33   0.5
85   2   0.5
86   41   0.5
86   54   0.5
87   19   0.5
87   12   0.5
88   59   0.5
88   17   0.5
89   5   0.5
89   7   0.5
90   15   0.5
90   13   0.5
91   49   0.5
91   30   0.5
92   19   0.5
92   32   0.5
93   56   0.5
93   73   0.5
94   13   0.5
94   66   0.5
95   2   0.5
95   62   0.5
96   65   0.5
96   2   0.5
97   67   0.5
97   17   0.5
98   73   0.5
98   2   0.5
99   28   0.5
99   22   0.5
