0   99   0.5
0   60   0.5
1   89   0.5
1   63   0.5
2   1   0.5
2   40   0.5
3   2   0.5
3   48   0.5
4   3   0.5
4   42   0.5
5   4   0.5
5   25   0.5
6   5   0.5
6   35   0.5
7   6   0.5
7   8   0.5
8   7   0.5
8   48   0.5
9   8   0.5
9   10   0.5
10   9   0.5
10   11   0.5
11   10   0.5
11   72   0.5
12   11   0.5
12   13   0.5
13   12   0.5
13   97   0.5
14   15   0.5
14   58   0.5
15   14   0.5
15   16   0.5
16   15   0.5
16   93   0.5
17   16   0.5
17   18   0.5
18   17   0.5
18   19   0.5
19   55   0.5
19   87   0.5
20   15   0.5
20   6   0.5
21   20   0.5
21   22   0.5
22   21   0.5
22   23   0.5
23   22   0.5
23   59   0.5
24   23   0.5
24   25   0.5
25   24   0.5
25   26   0.5
26   35   0.5
26   3   0.5
27   26   0.5
27   47   0.5
28   27   0.5
28   29   0.5
29   28   0.5
29   30   0.5
30   31   0.5
30   81   0.5
31   32   0.5
31   61   0.5
32   33   0.5
32   78   0.5
33   34   0.5
33   28   0.5
34   33   0.5
34   35   0.5
35   34   0.5
35   36   0.5
36   35   0.5
36   37   0.5
37   47   0.5
37   20   0.5
38   37   0.5
38   67   0.5
39   38   0.5
39   40   0.5
40   39   0.5
40   41   0.5
41   42   0.5
41   93   0.5
42   43   0.5
42   12   0.5
43   42   0.5
43   44   0.5
44   43   0.5
44   45   0.5
45   44   0.5
45   46   0.5
46   45   0.5
46   47   0.5
47   46   0.5
47   34   0.5
48   47   0.5
48   49   0.5
49   48   0.5
49   79   0.5
50   49   0.5
50   78   0.5
51   50   0.5
51   29   0.5
52   51   0.5
52   53   0.5
53   52   0.5
53   54   0.5
54   53   0.5
54   44   0.5
55   56   0.5
55   40   0.5
56   55   0.5
56   57   0.5
57   41   0.5
57   11   0.5
58   59   0.5
58   45   0.5
59   60   0.5
59   78   0.5
60   59   0.5
60   61   0.5
61   62   0.5
61   99   0.5
62   61   0.5
62   74   0.5
63   61   0.5
63   30   0.5
64   63   0.5
64   65   0.5
65   66   0.5
65   16   0.5
66   65   0.5
66   72   0.5
67   66   0.5
67   97   0.5
68   67   0.5
68   69   0.5
69   68   0.5
69   70   0.5
70   69   0.5
70   71   0.5
71   70   0.5
71   72   0.5
72   71   0.5
72   16   0.5
73   31   0.5
73   48   0.5
74   73   0.5
74   59   0.5
75   74   0.5
75   76   0.5
76   71   0.5
76   91   0.5
77   76   0.5
77   78   0.5
78   77   0.5
78   79   0.5
79   78   0.5
79   80   0.5
80   81   0.5
80   40   0.5
81   80   0.5
81   82   0.5
82   83   0.5
82   90   0.5
83   82   0.5
83   84   0.5
84   83   0.5
84   85   0.5
85   38   0.5
85   27   0.5
86   87   0.5
86   25   0.5
87   86   0.5
87   1   0.5
88   87   0.5
88   89   0.5
89   90   0.5
89   4   0.5
90   10   0.5
90   2   0.5
91   90   0.5
91   24   0.5
92   91   0.5
92   71   0.5
93   92   0.5
93   94   0.5
94   93   0.5
94   14   0.5
95   96   0.5
95   89   0.5
96   95   0.5
96   97   0.5
97   96   0.5
97   98   0.5
98   99   0.5
98   57   0.5
99   98   0.5
99   0   0.5
