0   12   0.5
0   95   0.5
1   27   0.5
1   31   0.5
1   64   0.5
2   85   0.5
3   98   0.5
3   78   0.5
3   41   0.5
4   98   0.5
4   71   0.5
4   18   0.5
4   73   0.5
4   57   0.5
4   67   0.5
4   22   0.5
5   82   0.5
5   94   0.5
5   88   0.5
5   83   0.5
6   27   0.5
7   47   0.5
7   78   0.5
7   24   0.5
7   74   0.5
8   37   0.5
9   76   0.5
10   91   0.5
10   17   0.5
11   72   0.5
11   99   0.5
12   79   0.5
12   54   0.5
12   69   0.5
13   66   0.5
13   0   0.5
14   40   0.5
14   29   0.5
14   83   0.5
15   21   0.5
16   76   0.5
17   4   0.5
17   73   0.5
17   40   0.5
17   25   0.5
18   71   0.5
19   48   0.5
19   12   0.5
20   50   0.5
20   99   0.5
20   51   0.5
21   83   0.5
21   12   0.5
21   13   0.5
21   3   0.5
21   36   0.5
22   60   0.5
22   57   0.5
22   48   0.5
23   61   0.5
24   26   0.5
24   17   0.5
25   7   0.5
25   28   0.5
25   89   0.5
25   5   0.5
25   80   0.5
25   32   0.5
26   41   0.5
27   86   0.5
27   48   0.5
28   81   0.5
28   43   0.5
28   0   0.5
29   72   0.5
29   61   0.5
29   62   0.5
29   8   0.5
29   46   0.5
30   29   0.5
31   32   0.5
32   41   0.5
32   33   0.5
33   38   0.5
33   57   0.5
33   99   0.5
33   70   0.5
34   58   0.5
34   72   0.5
35   90   0.5
35   61   0.5
37   20   0.5
37   36   0.5
37   73   0.5
37   88   0.5
38   6   0.5
38   43   0.5
39   64   0.5
39   24   0.5
39   59   0.5
41   8   0.5
41   92   0.5
42   1   0.5
42   16   0.5
43   56   0.5
43   70   0.5
43   7   0.5
44   2   0.5
44   74   0.5
44   43   0.5
46   86   0.5
49   62   0.5
49   66   0.5
51   7   0.5
51   21   0.5
52   55   0.5
52   99   0.5
53   76   0.5
54   35   0.5
54   0   0.5
56   22   0.5
56   15   0.5
57   75   0.5
57   56   0.5
57   82   0.5
57   99   0.5
58   57   0.5
58   40   0.5
58   82   0.5
58   22   0.5
59   22   0.5
59   34   0.5
59   73   0.5
60   5   0.5
60   79   0.5
61   8   0.5
61   10   0.5
62   98   0.5
63   14   0.5
64   82   0.5
64   11   0.5
65   76   0.5
66   45   0.5
66   83   0.5
67   60   0.5
67   26   0.5
67   2   0.5
67   4   0.5
67   15   0.5
68   20   0.5
68   73   0.5
68   0   0.5
68   67   0.5
69   0   0.5
71   20   0.5
71   75   0.5
72   12   0.5
72   68   0.5
73   68   0.5
73   3   0.5
75   19   0.5
75   45   0.5
76   4   0.5
77   52   0.5
77   13   0.5
77   64   0.5
77   37   0.5
78   11   0.5
78   65   0.5
78   5   0.5
79   45   0.5
80   19   0.5
80   3   0.5
82   44   0.5
82   43   0.5
83   38   0.5
83   61   0.5
84   69   0.5
84   82   0.5
85   13   0.5
86   20   0.5
86   23   0.5
86   85   0.5
87      0.5
88   17   0.5
90   54   0.5
90   86   0.5
91   92   0.5
91   16   0.5
91   40   0.5
91   44   0.5
91   4   0.5
93      0.5
94   20   0.5
95   44   0.5
95   92   0.5
95   78   0.5
96   40   0.5
97   69   0.5
97   13   0.5
98   22   0.5
99   50   0.5
