0   1   0.5
2   0   0.5
2   1   0.5
3   2   0.5
3   0   0.5
4   0   0.5
4   2   0.5
5   0   0.5
5   3   0.5
6   2   0.5
6   0   0.5
7   1   0.5
7   3   0.5
8   3   0.5
8   0   0.5
9   1   0.5
9   0   0.5
10   1   0.5
10   0   0.5
11   9   0.5
11   10   0.5
12   0   0.5
12   3   0.5
13   0   0.5
13   5   0.5
14   0   0.5
14   13   0.5
15   0   0.5
15   5   0.5
16   3   0.5
16   0   0.5
17   0   0.5
17   13   0.5
18   2   0.5
18   5   0.5
19   17   0.5
19   5   0.5
20   3   0.5
20   4   0.5
21   0   0.5
21   1   0.5
22   0   0.5
22   5   0.5
23   0   0.5
23   16   0.5
24   3   0.5
24   19   0.5
25   24   0.5
25   2   0.5
26   0   0.5
26   13   0.5
27   19   0.5
27   2   0.5
28   1   0.5
28   0   0.5
29   9   0.5
29   0   0.5
30   10   0.5
30   3   0.5
31   19   0.5
31   24   0.5
32   23   0.5
32   12   0.5
33   19   0.5
33   24   0.5
34   0   0.5
34   19   0.5
35   5   0.5
35   18   0.5
36   10   0.5
36   1   0.5
37   35   0.5
37   20   0.5
38   19   0.5
38   6   0.5
39   5   0.5
39   16   0.5
